g++ -std=c++20 -O0 -o performance-O0 performance.cpp
./performance-O0
TEST_STATIC_VECTOR
21.2292 2
18.2072 128
20.2811 8192
17.5521 524288
30.7395 33554432
TEST_Iterator_VECTOR
78.6566 2
28.4262 128
26.9738 8192
25.7259 524288
33.4867 33554432
TEST_Reserve_VECTOR
61.352 2
17.0436 128
16.8587 8192
16.4394 524288
17.1108 33554432
TEST_Local_VECTOR
184.209 2
41.3126 128
32.684 8192
33.4405 524288
35.129 33554432
TEST_Prealloc_ARRAY
3.89992 2
2.99539 128
2.76556 8192
3.09539 524288
3.89731 33554432
TEST_LOCAL_ARRAY
14.2144 2
2.96085 128
2.61614 8192
3.31411 524288
inf 33554432
g++ -std=c++20 -O1 -o performance-O1 performance.cpp
./performance-O1
TEST_STATIC_VECTOR
5.41402 2
4.36647 128
6.21994 8192
3.69385 524288
12.8072 33554432
TEST_Iterator_VECTOR
12.0027 2
1.89838 128
2.31036 8192
2.59672 524288
3.05381 33554432
TEST_Reserve_VECTOR
11.9533 2
6.21719 128
2.25869 8192
2.45315 524288
4.32799 33554432
TEST_Local_VECTOR
23.3662 2
8.99077 128
2.22498 8192
2.41858 524288
4.85757 33554432
TEST_Prealloc_ARRAY
1.11969 2
1.20684 128
1.9231 8192
1.21219 524288
2.07011 33554432
TEST_LOCAL_ARRAY
13.2846 2
1.30271 128
1.22047 8192
1.21296 524288
inf 33554432
g++ -std=c++20 -O2 -o performance-O2 performance.cpp
./performance-O2
TEST_STATIC_VECTOR
6.7242 2
6.29909 128
8.3918 8192
5.26608 524288
16.0923 33554432
TEST_Iterator_VECTOR
13.3528 2
1.68704 128
1.81709 8192
2.00524 524288
3.07439 33554432
TEST_Reserve_VECTOR
13.6416 2
1.62747 128
2.00773 8192
2.27262 524288
3.20678 33554432
TEST_Local_VECTOR
26.1913 2
3.20039 128
2.70308 8192
2.29866 524288
4.85559 33554432
TEST_Prealloc_ARRAY
0.810221 2
0.480921 128
0.412255 8192
0.313191 524288
1.45049 33554432
TEST_LOCAL_ARRAY
11.5169 2
1.23727 128
1.1332 8192
1.20835 524288
inf 33554432
g++ -std=c++20 -O3 -o performance-O3 performance.cpp
./performance-O3
TEST_STATIC_VECTOR
5.15199 2
3.73359 128
4.89884 8192
2.48504 524288
12.2824 33554432
TEST_Iterator_VECTOR
14.0645 2
1.35499 128
1.06939 8192
1.22011 524288
1.91676 33554432
TEST_Reserve_VECTOR
14.7309 2
1.24066 128
1.01827 8192
1.06255 524288
2.11923 33554432
TEST_Local_VECTOR
27.8525 2
2.92111 128
3.53796 8192
1.86541 524288
3.94631 33554432
TEST_Prealloc_ARRAY
0.657981 2
0.129065 128
0.110136 8192
0.212293 524288
1.44259 33554432
TEST_LOCAL_ARRAY
10.9537 2
0.288617 128
0.110846 8192
0.235212 524288
inf 33554432
